NR-STREAM(uv):  1/0  g=1              , r/r0=5.482871e-19   ,  r0=1              , r=5.482871e-19   , du=Inf            , dl=Inf            , Assembly=0.040903 sec. Solution=0.018126 sec.
 NR-STREAM(uv):  2/0  g=1              , r/r0=1.736197e-14   ,  r0=5.482871e-19   , r=9.519346e-33   , du=2.16418e-07    , dl=6.706803e-10   , Assembly=0.070271 sec. Solution=0.034337 sec.
  SSTREAM2dNR converged to given tolerance of 1e-15 with r=9.51935e-33 in 2 iterations.
