NR-STREAM(uv):  1/0  g=1              , r/r0=5.332912e-19   ,  r0=1              , r=5.332912e-19   , du=Inf            , dl=Inf            , Assembly=0.021685 sec. Solution=0.013968 sec.
 NR-STREAM(uv):  2/0  g=1              , r/r0=2.438596e-14   ,  r0=5.332912e-19   , r=1.300482e-32   , du=1.312037e-07   , dl=6.780393e-10   , Assembly=0.042755 sec. Solution=0.025496 sec.
  SSTREAM2dNR converged to given tolerance of 1e-15 with r=1.30048e-32 in 2 iterations.
