NR-STREAM(uv):  1/0  g=1              , r/r0=6.007465e-32   ,  r0=1              , r=6.007465e-32   , du=Inf            , dl=Inf            , Assembly=0.044716 sec. Solution=0.019414 sec.
 NR-STREAM(uv):  2/0  g=1              , r/r0=0.1721666      ,  r0=6.007465e-32   , r=1.034285e-32   , du=1.240985e-14   , dl=2.536036e-10   , Assembly=0.089425 sec. Solution=0.035177 sec.
  SSTREAM2dNR converged to given tolerance of 1e-15 with r=1.03428e-32 in 2 iterations.
