NR-STREAM(uv):  1/0  g=1              , r/r0=5.098908e-32   ,  r0=1              , r=5.098908e-32   , du=Inf            , dl=Inf            , Assembly=0.052401 sec. Solution=0.025525 sec.
 NR-STREAM(uv):  2/0  g=1              , r/r0=0.1970225      ,  r0=5.098908e-32   , r=1.0046e-32     , du=9.425721e-15   , dl=3.756178e-11   , Assembly=0.121571 sec. Solution=0.052265 sec.
  SSTREAM2dNR converged to given tolerance of 1e-15 with r=1.0046e-32 in 2 iterations.
