Point(1) = {-1.000000,-1.000000,0.000000,10000.000000};
Point(2) = {-1.000000,0.000000,0.000000,10000.000000};
Point(3) = {0.000000,1.000000,0.000000,10000.000000};
Point(4) = {1.000000,0.000000,0.000000,10000.000000};
Point(5) = {1.000000,-1.000000,0.000000,10000.000000};
Point(6) = {0.000000,-1.000000,0.000000,10000.000000};
Line(1) = {1,2};
Line(2) = {2,3};
Line(3) = {3,4};
Line(4) = {4,5};
Line(5) = {5,6};
Line(6) = {6,1};
Line Loop(1) = {1:6};
Point(7) = {0.500000,-0.500000,0.000000,10000.000000};
Point(8) = {0.500000,0.000000,0.000000,10000.000000};
Point(9) = {0.100000,0.000000,0.000000,10000.000000};
Point(10) = {0.100000,-0.500000,0.000000,10000.000000};
Line(7) = {7,8};
Line(8) = {8,9};
Line(9) = {9,10};
Line(10) = {10,7};
Line Loop(2) = {7:10};
Point(11) = {-0.100000,-0.500000,0.000000,10000.000000};
Point(12) = {-0.100000,0.000000,0.000000,10000.000000};
Point(13) = {-0.800000,0.000000,0.000000,10000.000000};
Point(14) = {-0.800000,-0.500000,0.000000,10000.000000};
Line(11) = {11,12};
Line(12) = {12,13};
Line(13) = {13,14};
Line(14) = {14,11};
Line Loop(3) = {11:14};
Point(15) = {-2.000000,-0.500000,0.000000,10000.000000};
Point(16) = {-2.000000,0.500000,0.000000,10000.000000};
Point(17) = {-1.500000,0.500000,0.000000,10000.000000};
Point(18) = {-1.500000,-0.500000,0.000000,10000.000000};
Line(15) = {15,16};
Line(16) = {16,17};
Line(17) = {17,18};
Line(18) = {18,15};
Line Loop(4) = {15:18};
